[gd_scene load_steps=7 format=3 uid="uid://bwplpuhqyrurg"]

[ext_resource type="Environment" uid="uid://bmp6qx8xpbkjr" path="res://assets/materials/env.tres" id="1_kbcw7"]
[ext_resource type="PackedScene" uid="uid://dl2ed4gkybggf" path="res://objects/player.tscn" id="2_w4sc6"]
[ext_resource type="Script" path="res://scripts/hud.gd" id="3_85oyv"]
[ext_resource type="FontFile" uid="uid://biqtga8moh7ah" path="res://assets/fonts/lilita_one_regular.ttf" id="4_6n2mt"]
[ext_resource type="Material" uid="uid://dt8pbo53yu62c" path="res://assets/materials/grid.tres" id="5_vvm5l"]

[sub_resource type="LabelSettings" id="LabelSettings_1ti6h"]
font = ExtResource("4_6n2mt")
font_size = 36
outline_size = 12
outline_color = Color(0, 0, 0, 0.470588)

[node name="playground" type="Node3D"]

[node name="Environment" type="Node" parent="."]

[node name="WorldEnvironment" type="WorldEnvironment" parent="Environment"]
environment = ExtResource("1_kbcw7")

[node name="Sun" type="DirectionalLight3D" parent="Environment"]
transform = Transform3D(-0.422618, -0.694272, 0.582564, 0, 0.642788, 0.766044, -0.906308, 0.323744, -0.271654, 0, 0, 0)
visible = false
shadow_enabled = true
shadow_opacity = 0.75

[node name="HUD" type="CanvasLayer" parent="."]
script = ExtResource("3_85oyv")

[node name="Crosshair" type="TextureRect" parent="HUD"]
anchors_preset = 8
anchor_left = 0.5
anchor_top = 0.5
anchor_right = 0.5
anchor_bottom = 0.5
offset_left = -20.0
offset_top = -20.0
offset_right = 20.0
offset_bottom = 20.0
grow_horizontal = 2
grow_vertical = 2
scale = Vector2(0.35, 0.35)
pivot_offset = Vector2(64, 64)

[node name="Health" type="Label" parent="HUD"]
offset_left = 48.0
offset_top = 627.0
offset_right = 138.0
offset_bottom = 672.0
size_flags_horizontal = 0
size_flags_vertical = 8
text = "100%"
label_settings = SubResource("LabelSettings_1ti6h")
vertical_alignment = 2

[node name="Player" parent="." node_paths=PackedStringArray("crosshair") instance=ExtResource("2_w4sc6")]
crosshair = NodePath("../HUD/Crosshair")

[node name="Level" type="Node" parent="."]

[node name="Ground" type="CSGBox3D" parent="Level"]
transform = Transform3D(1, 0, 0, 0, 1, 0, 0, 0, 1, 0, -3, 51.2862)
use_collision = true
size = Vector3(21, 7, 144.7)
material = ExtResource("5_vvm5l")

[node name="Cutout" type="CSGCylinder3D" parent="Level/Ground"]
transform = Transform3D(-4.37114e-08, 1, 0, -1, -4.37114e-08, 0, 0, 0, 1, 0, 16.158, 44.9933)
operation = 2
radius = 15.7683
height = 21.0
material = ExtResource("5_vvm5l")

[node name="Building" type="CSGBox3D" parent="Level"]
transform = Transform3D(1, 0, 0, 0, 1, 0, 0, 0, 1, 0, 6.5, -10)
use_collision = true
size = Vector3(12, 12, 12)
material = ExtResource("5_vvm5l")

[node name="Wall" type="CSGBox3D" parent="Level"]
transform = Transform3D(0.929776, 0, -0.368125, 0, 1, 0, 0.368125, 0, 0.929776, 2.372, 6.5, 7.449)
use_collision = true
size = Vector3(1, 12, 12)
material = ExtResource("5_vvm5l")

[node name="Wall2" type="CSGBox3D" parent="Level"]
transform = Transform3D(0.92587, 0, 0.377841, 0, 1, 0, -0.377841, 0, 0.92587, -2.734, 6.5, 17.73)
use_collision = true
size = Vector3(1, 12, 12)
material = ExtResource("5_vvm5l")

[node name="Wall3" type="CSGBox3D" parent="Level"]
transform = Transform3D(0.929776, 0, -0.368124, 0, 1, 0, 0.368124, 0, 0.929776, 1.482, 6.5, 27.432)
use_collision = true
size = Vector3(1, 12, 12)
material = ExtResource("5_vvm5l")

[node name="Wall4" type="CSGBox3D" parent="Level"]
transform = Transform3D(0.92587, 0, 0.377841, 0, 1, 0, -0.377841, 0, 0.92587, -2.734, 6.5, 37.286)
use_collision = true
size = Vector3(1, 12, 12)
material = ExtResource("5_vvm5l")

[node name="Wall5" type="CSGBox3D" parent="Level"]
transform = Transform3D(0.929776, 0, -0.368124, 0, 1, 0, 0.368124, 0, 0.929776, 2.372, 6.5, 48.175)
use_collision = true
size = Vector3(1, 12, 12)
material = ExtResource("5_vvm5l")

[node name="Wall6" type="CSGBox3D" parent="Level"]
transform = Transform3D(0.92587, 0, 0.377841, 0, 1, 0, -0.377841, 0, 0.92587, -2.734, 6.5, 58.456)
use_collision = true
size = Vector3(1, 12, 12)
material = ExtResource("5_vvm5l")

[node name="Wall7" type="CSGBox3D" parent="Level"]
transform = Transform3D(0.929776, 0, -0.368124, 0, 1, 0, 0.368124, 0, 0.929776, 1.482, 6.5, 68.159)
use_collision = true
size = Vector3(1, 12, 12)
material = ExtResource("5_vvm5l")

[node name="Wall8" type="CSGBox3D" parent="Level"]
transform = Transform3D(0.92587, 0, 0.377841, 0, 1, 0, -0.377841, 0, 0.92587, -2.734, 6.5, 78.012)
use_collision = true
size = Vector3(1, 12, 12)
material = ExtResource("5_vvm5l")

[node name="Decoration" type="Node" parent="."]

[connection signal="health_updated" from="Player" to="HUD" method="_on_health_updated"]
